3920052916
2022071647
404452735
3611156251
3562215153
2661245319
1505487738
2658215456
524609090
1151254865
3131794933
3601214653
1204130640
1012519832
3654967053
1365691215
1282296747
3278642692
2388752284
1093777269
2269025675
4226175249
2439616352
821785017
709186162
3508078110
3016426651
722043633
693552422
4136327169
63073150
2786575920
242481661
3113835513
3544161394
3044035030
3840475519
2639391937
3164065329
1090616693
1735760449
912625544
1902737421
2694675326
2837412034
1261383606
544630442
3306827392
2715516098
1155289999
3991407820
3048487665
4263675753
3760347716
830257524
384133247
1444851680
3869073357
2873951903
230598356
134246707
3517015800
1154682110
372206501
809461073
4201831723
1027154130
2769934354
4258229178
518245074
232434982
3139229260
1988454111
2323655632
3290944982
1716944995
60891742
1656707165
2020372788
3316915031
1841172853
546789071
2917100300
3173951317
2594862975
1539412734
1129380070
3397529435
4062670590
3369553571
1372454711
593625329
2428620468
3348628070
2581361097
3958210542
378343124
3525404679
2125601046
4179360836
3699808514
523838494
1509537489
215878056
2125940277
1954693927
3854653128
4149745680
2055646830
123373810
1509318177
489635896
71845457
19814337
3147786312
679221554
1925307477
3464533375
2014443012
3674352719
992430064
819676585
2160727631
1961658531
3291285790
9624418
1750787333
3318947427
314022767
1752876650
1377835894
3597207500
3117680288
1503401428
3582112666
3048755471
2788685508
2505226028
2784265047
1255489014
167290446
2843710847
1449301331
1603396556
3738649098
263666599
3408031358
4131570707
3408538262
405152970
3671624460
3379055325
625676277
1088147004
2514800133
869384525
3626908500
2861617280
3904221044
4018963494
2241912343
2345816904
901923378
3461583055
2429370083
1232707795
46224672
409195155
1432705945
3068864878
178363534
2247017268
189774726
3813943432
4252192204
1473914323
331522772
3717021586
4021927841
543690808
1526940483
351780899
1336564116
3074925937
3609765221
3551691085
2863585860
3277272493
2364658913
3743094951
3892611478
717904418
4277858457
1482950691
1479392254
257568949
846208842
4156785795
892453862
2324117910
1767284713
3798421879
910837456
737718744
1799330303
1434198598
429234134
3050256027
2243445083
2902703814
663917640
4167046521
2278381078
54128206
262480321
179933894
1039879933
3819086250
4227558619
785686427
706636877
3958369415
2922030842
81686613
1447704886
1499844109
955200337
2774285713
257107585
1975103049
1021110552
2703065165
1893318483
2370488937
3181623578
1374361444
3730156398
1904230048
1547434348
1309229127
2619062300
784429259
237489719
706243473
898120844
2684308892
4180997306
2829596460
1875921404
2938533188
394966666
1687836734
427762725
2429295074
2073817093
553954129
208495188
174164590
2086670671
3695749976
2732158480
1707194205
3545390872
2007683493
1314545242
3693610975
3189796092
4186346570
2362757656
2247895676
3018342111
3395999148
4202343848
1745405609
2334609240
1444117630
2976317886
4011159910
1275482612
1660828077
3447473494
1291933171
2072024483
4262040531
2749761720
3250001563
3338937939
2286857972
2960410815
1893866465
2048150910
848528262
4228710517
1300340875
3998737153
4260870113
4177129060
3329908016
4035827262
4105231027
2879066769
1323580884
2313732165
3364468560
108893750
94625572
558013776
3729648296
45934432
978650483
2447096149
4228386901
3777391202
3002011071
2538815200
696513485
631649967
429401725
3304510905
1386727137
296377988
3670499432
3765131340
2678609452
3055317470
2930670469
543093802
128170426
3615664288
202075487
402795145
2101979314
3970952783
3811410704
744248386
3008691517
1512297209
2220018893
2798721608
2254610702
3233689749
19226294
38903213
3306062533
1998357762
3107023020
860716844
1479503685
530592826
1813850865
45933735
701485561
3961817055
3901785215
3829542758
4149650748
4257878003
4196806737
1112852189
43666026
1166541315
1304464107
731668760
838046034
1783177942
2654183322
1802370834
550209193
2620954334
2268991021
2577368825
3490167219
1422659605
3670123294
2642423101
3164079634
2513781854
2346560975
2263099193
2937675822
3782654642
2034093885
945537105
1846297660
987019732
1372157279
2432693391
2338751022
3260513064
1135740592
2133834528
4231695208
3202339888
1816246766
1840783676
265970061
2617831608
155071549
2532665208
2905033178
1083102513
4130887324
2182357559
35366714
163209354
2782072869
4127710928
493174667
4264254208
3107171756
560518480
2121939265
4233695104
72191667
2862831426
426362575
3160639560
224551205
2921432002
4236545183
1047464407
31123977
3836518076
28554119
497855764
1325638225
916632587
782488958
2227317395
4238276240
1885089117
3326713601
2582752875
240037608
4062272101
2570419645
3003008797
2517908333
2796327472
597467780
3228979788
3970286926
4139760485
1999304046
3573727410
1841190266
3201624917
1764564696
46448681
752174072
109671466
3336002911
3925391039
3077512917
2909223415
490039427
293252525
3741604308
2021709896
3853230775
1996416202
3810594514
165640102
1466327725
3072984596
1501072059
2076126807
1509419744
2693894171
3316313921
1565941735
1244946175
1992620942
3418879282
3732681133
3312899853
853243345
2009227427
3974681039
4099555605
4181898108
1070656266
308047551
559564589
1471583744
3947368829
3590368086
1644372961
4289634576
3442950343
256817587
630020579
311937175
668015538
1956300162
3052135002
2688819670
1947266208
2996209718
814749894
2212271941
2001850843
3700021094
3017331688
1042727344
460728246
4081965088
2328158040
4201305111
3781159742
1208274769
4287843995
3224828590
1596912743
1717998627
3894405555
2605241050
2261782673
3468332671
2266039852
1396359323
913910021
643534788
1636831562
3425191510
3548732090
4028034346
32199293
2312477346
1323940586
3143142347
1864266280
1070986070
1780892092
3723150484
3771161276
2243355701
4449276
1333264085
997218217
1105658342
3240847370
250464812
3450892625
1096671922
1684108793
2440481714
592994514
89964989
846696794
1178336182
626716706
4227357233
1463629950
3132161694
1202055967
2117146709
46921325
2060184817
3853523069
2688574912
2365148018
4139608781
3601083010
1528981899
1127128391
2191786861
1389634885
3187278462
226729817
464382202
1151899191
1279832184
2599676397
2818147833
1112435164
868102798
3666573778
3405089454
3962751861
2908981480
1000017087
3614004654
2161721815
2848365279
1058709088
3013268965
1749636689
201027629
872636033
1210090389
1169910446
2240844180
1490413240
2897477863
3865844835
3305630447
561880634
352025676
601205444
2192632444
68920820
1038021019
2831911197
4115967252
1609586706
3595984942
1953636784
3547826038
4131768045
4157338768
2314064328
2404298275
386466035
1575783223
1321306291
1987224107
937856513
3123266511
912860054
2694079141
308858719
270116234
1475591713
1235769383
3521340936
2260108116
2996433999
1760549433
2883667593
1813926245
64193360
3730930546
396179161
673623576
2757644740
1304660510
1372869707
2989891673
3025651858
3768366376
2501715686
1784328342
4200452837
2041374379
628023621
420104959
3074400050
777153735
1464126331
3544281058
3749598096
3636362671
892810720
2879953903
2026243499
3475441009
2094211625
26328114
2147602492
3018924301
3554666384
3232935942
2807686842
1578298404
3663530727
4148272918
3510697475
2897032882
2121507789
2891234770
1363830522
435438900
3763702446
3176501313
3603457107
224226236
2756144844
2270256916
1074067507
2423897253
801283704
623278234
3517521289
225391951
3465338599
1307632511
3852596347
3629836638
1870437568
3084384043
803884873
3103460590
1760848301
2008828094
370378957
3548079876
4187001209
694133271
3590240978
1273732233
831947081
276639387
995468150
1785458748
1892379194
364768682
1521149484
2110188865
4270468371
6473751
1275056288
2907917945
484261187
2612520081
3495078884
2891772948
1942872268
4051610389
1938696362
1915057153
1688746778
1604204870
3237824041
891800652
3988034336
1998064043
2569623860
3671848058
2832778471
772118524
3584340727
2842691237
2485252309
1091102619
1443277933
2143244938
1429365387
1572603590
1506865324
4012613321
3183707011
3924439040
3009220611
2924149688
524983421
527634168
3208331985
3008684324
2198300819
1177632672
1000981719
772216544
1701949964
2248485476
320388411
290185243
1926894367
3804780333
3614201500
29154095
3564280679
258495359
3858331511
710311657
3541130272
227059715
4008052848
2141527621
1754517608
3444264302
282606260
4187640614
1792741965
3734463010
1838122067
317224696
2919164409
1218724289
2049968428
3789141148
3695283335
1056911010
1250825989
3096415522
1307612702
4117608743
412035026
3688059895
2213656918
869936145
1395468705
1424371679
3087539740
315258277
4034751932
540322138
3182976055
2984024632
3785299030
277644803
3788223195
1161325712
4173851217
2358386194
3379062719
1335155333
2512308040
4006226811
82247930
3882439630
540328772
4043653655
2127952573
797461481
2885321527
2340385475
2829509959
1892025984
4040552622
3932012330
1952905478
1173935325
356118846
1564121365
604767568
222999920
2491638376
2495217168
1179675489
2801904210
3608309142
87503017
2970377774
3318199652
3711415069
4241691400
2115063794
59843427
3721695181
3014516914
3801621688
928317448
1527414745
2956168323
4228750775
1765900580
1016442814
4075097686
1068263506
1210352183
2023011202
4224780702
2494684418
333635037
3837415902
3174927914
2083226321
3832851455
4194672854
3253925739
2841556158
2875959979
2612519367
1584219025
3572150961
662793317
4156425438
615993908
1611145200
836598351
868419709
3419480485
1969705040
1961282376
1321085960
4177832515
2445886904
3838855411
1019315671
2210870510
1884834481
3397941149
1310896099
4003409317
1644967290
3778518934
350259814
1877394868
3888104831
1349035683
4099004258
275679331
3165433279
606021638
3689085491
850527009
3186531965
514702718
3819222163
2872238255
2464917396
1626130586
3823848277
112454120
1475042907
1044252117
2484772317
1618736676
3444570240
424505347
3393003082
1741059664
3666260895
2778578476
948749849
956041237
3940875364
2820233906
1970017903
2914882145
3537744296
52345729
1131012859
4083575035
2730941486
534648419
3494046910
325821081
2296633205
2407717207
3379362522
4178403697
3493703634
1106870931
1661615726
3806539458
4232853382
3442643404
226166800
3822248708
1615169839
3820052024
3999461484
2022541433
2130835560
2796323272
841842287
2771266284
2021766806
2019390945
198379544
2134259182
2569859435
26598635
1463116979
2492962704
3971688688
1880001385
2790395484
2761350740
895295088
3555387613
1938532371
3829410081
3493679667
4229510356
1983459558
2448213681
2057708965
336462265
2876850900
581870390
68516389
2760449073
2501477212
925970035
339929294
159947883
652073375
2211756233
327721322
3640040358
2801822000
1886657465
1861142866
2139028367
1704152838
3960707517
3058764508
2974982608
2831263725
545001354
2735055654
4063470876
3725961331
3768734003
227822903
1594664338
2570097497
1545311329
3704963570
2518771532
3591227967
2820431032
1643989053
383165763
3447954554
1504474154
2735000964
1886355791
1746620825
564433701
440027207
3766180444
2087175705
814512502
3168260914
1459889494
1161427388
3176339699
4196281083
689630828
1904712511
