1592071132
3721133655
734176612
2945898774
2708480888
1133271363
1625593883
2327697963
1025452344
1576231157
1710791810
1787298947
885114321
2250210759
2904960894
208043691
892653588
2058675695
2381835653
3979654083
4106138187
3655039514
915437226
1543586677
2234801967
973241641
420183089
24387437
2377091088
2601066773
3260712635
2036470611
4165133327
3799648116
2868092700
284440975
215296510
2792197433
3682359190
2509089974
2687005951
2349043982
1370288284
249157286
307439863
2271876405
1362434181
1225258168
2467322946
1001172063
3870084558
726265905
1442258921
749030952
644884930
3337677221
3929299597
2143241513
3720595312
767796057
617449293
3747763075
4058956210
2546907721
3991296216
1991688061
3496815246
625413439
4140260012
3876717904
3730378848
3606005623
2974685661
1978477664
1104138002
3871444256
3561868104
4016273915
2316628351
3721894881
3072546099
3752672352
2346889744
2556136610
3656631564
700275865
3282092657
4120114377
3061468475
1016995540
4127117623
2137719711
652239442
2453255
4121482943
1469714095
3802155347
3638148053
3237076718
4101659337
3440144340
3211767492
1384700269
1683512594
1563463336
3295873844
74844428
580976898
3220123299
930430486
822332600
657874510
392478069
1841597943
59695473
3653188509
2534925432
455865047
2707003547
2467407336
3105871295
1531237163
1593209724
2425509046
478201041
1100108997
2295483492
4188473527
1104343251
2631753170
3999024832
1631023042
809497068
3406184445
415072468
2762263705
3922081187
4092327777
1715290726
1750742000
323804250
3428370284
3741441149
83026039
577580778
3177744944
3951490646
2461048654
536875691
497070820
1666914685
3730299182
856287508
3227357567
150039796
683774516
2212123220
967190745
3405988107
3683364518
787846357
19823709
1627317892
1590667021
3249717821
1574647915
815148140
3716532192
2650994285
1561277341
2614976964
3897648306
1921661878
3742220425
919776900
3226153381
3248285505
1250181353
1067462912
1478868520
887404761
596047554
1021905298
1012822216
1015143886
213273596
1822316511
2139904036
468334784
1215643898
632486984
667078936
4187261234
3347506703
4082416311
558508872
3510262305
3837277634
2254015798
1286103617
2808431046
912069991
2501163783
2376860505
2597272625
1844383111
3245305937
1251810186
1303822294
2346634022
497614545
1421828346
166538383
3628351434
2150702546
1491055699
1702688759
4173673538
2788203372
535851804
310277985
3375099699
1682349937
3236543975
4025350288
436494009
306828741
2371383876
3397200183
3057557643
3676803787
2570417985
2729272189
2740914365
3401153042
498093799
695528399
1676529775
1169148054
3461729383
1963224514
500607512
3970905371
3023778410
1674277686
4067873295
1496892319
3390186452
3339341678
700436354
1895718218
4245366993
608249947
1974518140
3158461558
465658391
3838287617
