3275779422
3673581935
2452149465
99587016
2803750858
1743234279
4157676977
3140844643
1768832347
2162612857
4049705492
3113510844
3330246858
1152157208
1804380541
3877165169
422585517
2354286220
3322562835
2055439858
1456878227
1537177231
1739024929
221221605
2781585770
2876037064
3482647412
939311748
1134760834
3291006829
1810133803
1943112781
1892926634
2818771298
1511665706
3841500375
4075967551
1780193238
2959375744
2055374141
423036515
4017108739
1048740415
1900290716
3959561483
3453183060
3018073090
2779938287
2589068570
814210075
2267320545
4202324028
4035354554
3515407612
2842366359
1282873295
2223046766
3721132593
886758402
3749799771
886188422
301922707
2723179382
3716884481
2431714546
1597614804
255436260
2147231523
1950806881
4112520838
2321875466
9283755
4097401703
883796716
3252855745
459537252
3948647011
671930272
939825605
4176770132
2346438768
3911816723
777882955
3286094056
4276507489
4174362218
1521939343
1959452043
1474873603
512506761
1358213516
819595430
642105104
3240595511
7285649
3348979120
2261658765
4020284289
1090753390
4041322112
4243693475
515715572
1352263885
3221933236
511091406
3927674169
782858303
4251888812
1787580948
763459893
3878577826
1446547362
3775012522
1844021150
1746708571
2116716903
535145216
551408530
1369567758
2999242953
134356944
1866234882
371214969
429316934
3782356331
92081096
2989199634
3390077743
1365125822
2228998338
2888202534
2658595386
1999163549
391394156
3540240628
733756559
1081921833
1956654593
1377126052
2196211712
2907606528
923490602
4279471963
649278836
3758750789
4034348481
2106558222
516043502
2454566087
2206827778
3895390523
4062292617
1269207472
766175412
429074364
2515053916
2485504419
1207892537
3803688472
1179388914
2370180408
1000466251
717669712
3998997214
946938907
3039553017
1091370463
2048213556
2317991640
51804479
345184633
190863882
418332895
2516453692
1503900047
2025272039
4182583603
1423386939
2736624192
3247892650
932752966
1456948172
3293081738
1576075088
867710977
2742039988
2390955945
1350786277
1782629434
69553514
1778143597
2872847710
2068120464
4227327970
2433318571
3011396707
1105825937
313826616
1360877344
2038996196
1255085137
2772282225
1997382304
4092195521
3777957093
2075966850
559633482
2120295644
3052558355
1422420750
965388785
847422264
371497140
3647051762
2573698971
2136282804
1878692434
2571538834
3359737664
3490169312
2244736160
906364928
4011410109
2291716225
817225181
4071360742
584624853
3766937169
1235679401
2070077589
186590597
2243994393
1998943577
2705808076
1997835296
1218992012
2895324804
1419378644
2013030918
3973321686
2490435818
3378262821
1994950850
511948378
104669033
3730204968
1891596307
662411012
3461066907
1836973497
3727633155
2184782382
600179116
3623968456
3518766377
2593150159
1413906364
1636678936
3663998799
2276996183
1529290685
3740371718
3567121995
1297720466
2069089614
1028288753
1437615727
548567275
3915848413
382834210
3138583958
4228524875
33456501
2855773593
3566457694
2064938432
3005655611
660280289
3367082654
3564694835
1286878491
1488472893
565055237
2110456402
1442468503
3326419664
2739635542
2439631603
3292225488
2480556776
1194837672
1042634784
1488056738
16446841
3698577307
2737946575
3132082844
4174258608
3556854942
1199938530
3043222079
362452229
1847878487
1551838566
957463038
4214281676
1354251959
3373991557
3758466207
2080628569
2478072599
3708598444
316370155
2001546079
1403214331
3891874423
849869420
3534194145
2644814231
3091797481
4210090427
3344837832
147811813
3406769886
404866047
2021973642
3482273223
3857965062
1563488960
408227564
4171001004
3330470846
3705048180
1549183872
846499489
3207514755
3729692023
2658631454
1242807282
449439102
1568252005
4259309164
2999706203
374803984
2614040094
3299486961
4137472188
1788848101
3032303858
848164603
1806084489
555437965
1910552156
693848936
374073375
2537065305
2890967339
2664316666
794022131
206387886
310551342
2828527230
2544219409
453163823
3973427337
749690553
1005002590
3761725399
3333400265
2134368986
2462196746
2503737072
1957138718
3252018558
1502848178
3921577598
2691958363
4051419379
4126316909
2489802603
1226536866
3395703732
3000438878
357076350
4045781827
2364868470
4078613980
460636020
3759464545
3936740738
2920881776
3278930316
3969196755
2962101994
1988873947
682291518
4246385816
255408424
3908691842
570265326
235376735
1971000049
870437528
232234564
2852258609
3113364669
1879427591
8619964
324744514
3468370519
2205719681
161306105
597481663
911776416
1426405949
2699003359
3396458882
2074172625
3236047582
2020482669
1900295618
3780105569
3539774516
763380030
3152722659
3809076756
1703798046
1746507093
1538972425
4244504126
2854617144
3800281967
2370496938
1984004147
2080053013
2479701322
2486883719
1069132705
644828816
102269417
242873473
4032642041
495128703
3826423020
980102340
225296128
3614311343
3292099536
1584622187
873578800
277271253
3446579476
3126211131
4171612274
2543784060
2722230177
2065330269
1128933314
3338310866
2772452049
2162324947
61943616
1737947800
449803332
3218570285
455608561
2400462734
3559021336
66622021
131728677
123868858
202039580
3566521694
1901865026
3917623718
1427827593
2161711874
2121287637
1783370000
2616735196
366144598
2225766865
2424558194
1990275999
3833076696
1034488174
1197835173
1487060319
3689757315
231779279
784835956
3131640196
2822843455
2109985594
1934126593
3020925875
3076708583
2583808100
887629085
454374264
2625098611
330914632
1396321982
2943530234
1462626282
1262817318
1144697126
1350435417
3444016868
1818255256
758163039
4025938255
952916200
2403645350
2019597718
4117042349
3418530652
1539521726
1958200168
1233236668
1867481244
2946751193
3435986100
1847028033
2900086842
301362064
414332799
3412402520
139922886
675900262
1291729012
1768481337
2485863148
1063918250
2072937408
1989839036
657314180
1798041761
1155663412
2828381640
286368532
3517331814
3349747435
1785467424
1979200072
1552474452
2110989029
925033923
4047082377
1099756316
2707171230
896658061
343170163
1560210008
4098366711
1014726993
4261058512
3598705466
2223051087
3120569836
714494786
1192427106
2575411300
3563466691
834137042
3809869731
4023877089
2374935691
3031210541
37926229
2223956402
2197958640
3044526174
1846337634
2336386020
906770803
2437926457
2068808364
3711615995
2692766956
1738724290
1305099108
3282723701
1655957890
1083210964
657344990
1931187421
2688986377
2323408711
2391999526
607464476
2511020698
2819643578
315630603
3079472413
2323042310
2979634025
2143172131
1052197563
209101207
291080672
924430612
3765892298
3017886049
3831098657
2278133815
3886835389
1175370836
3986674444
1552275079
1429762113
3238196945
2623139411
695023673
3713445809
1889904606
26186804
3641643339
3818074293
3076265219
3511475278
3411769672
255049621
992448151
1122893135
1790253923
2100504383
3879657671
944587339
4231541368
4187184966
2407742152
2105753827
328271521
1898293034
2735717271
3302382830
3996859220
3470230059
988531209
1867872825
219338668
3823436886
274277047
1427073407
2732808887
2149809180
388447259
18704367
801298867
247725683
2857692515
2521815717
260514347
2351772775
16630126
592636698
2498638462
2198373352
3887772311
1783667945
1635902399
1376394019
4037148965
3187113292
2382828172
2632872658
3200819067
1538418981
2911485219
3594469495
352999612
584484729
3559434592
1368991992
1828039688
2097289042
3126575454
976156407
1333555655
3135886951
1009440371
718087648
1785048626
3024138952
898231727
2021693463
1833776165
3703523571
665997241
1780863194
3061255297
3778453253
2010404326
181819695
2816117126
345245380
3952774187
688452810
2226666764
3978211290
2468071651
4078575809
2088690922
4262770682
660960444
2752537681
533657592
3230864626
3979495106
2483242376
1684917374
3743770400
3698709303
79321736
3990873594
3347005478
966277581
229981890
2112275874
1266348391
741017905
2622928756
439471960
4076966466
1739482444
2138235092
1976757127
2077111374
2864788980
676433150
4270789048
1034842991
2034174328
3279310133
599690197
3280640742
4102636346
4202413732
2772992605
700066390
3185495373
3046288961
2945738701
1586680791
2815848713
300163485
4270939508
2352336638
3422497073
1851363145
1101173593
3252763603
3803588733
3586659740
2075374499
1444291804
3439541229
2710575158
2626161323
1751085360
3072084900
142831026
91364925
3987225527
3582897063
1141628988
1611168150
815205224
306139882
4230102173
2201065196
501790168
2886874730
3136069098
18056592
2885096758
622150852
2724225537
735535571
2796103945
1768966418
3715798888
73909921
3632281304
3674808846
1433456411
3608311640
2402225501
1235916230
3413647120
834004653
4015419798
1551672118
3564475672
3136667423
596332888
3272629420
1300742877
2905143067
1866101917
2155591552
292231352
27074260
1159194828
3195680208
3011737098
2740805408
3975447945
4213864508
4089878926
3771484645
2110064502
4159836977
2675833897
3323253835
1267843824
1628241946
1472134728
3797702225
1050983806
3750415301
2249442109
1388472241
3938234053
1316615529
3378400788
3016004749
4139689424
4281597094
1104189244
1600012001
111915747
1377099733
4046634547
3378736815
1268551686
3831234567
2621315216
2057198249
4129744040
901214142
419593421
4102257984
2809678089
3367145856
554172020
2520851160
3722943372
1504796462
4091565751
470426515
3780486257
1070639946
2136120061
2139821690
2280075928
3304529146
1738089097
2444751237
3209177384
3851860364
3314626952
3281229966
2867737635
1064410311
1255831206
1034642314
3707147647
4270206722
505105065
2923116406
3899681312
752982091
3201673457
3783520973
1904020502
4193482124
1803609152
264934288
2608941837
4284073389
3155174033
177635936
1006018315
2687340949
1868880011
1151835814
3748865196
110898914
3179658383
808549274
3324335742
1411649174
3508172325
1669846303
3574466225
619390822
3871309748
3536991185
3544765222
2666051434
2730729262
1806513806
2273040366
3218229368
4180366887
4214276441
107536696
90952140
212107694
1596475906
3775802364
1191248484
1268645690
2296306482
3781163514
761003508
3845690824
2258788397
581204201
3363384728
3803076335
3405406183
1668364716
3224027013
1349007782
946712671
1133628117
1213182151
293263129
3109051946
3475338647
3018406129
4235414557
1290881666
3134545793
3286647246
4189703685
1391191166
200565136
1972638634
2411768172
3036816784
347376112
2096523210
4210940457
1986278486
4004520834
349273099
4255381502
1488587355
1259776996
2729237487
1321266424
3097091137
272882244
2095713244
1664911189
3943140570
6926187
1263505153
244922477
1295887963
421280845
942214311
3014262115
70198045
2702920756
3120551098
641157952
4117936177
1744072970
3578194609
2902370195
4263635347
4019575548
412443721
4034646680
2368943438
1861078721
780146289
4255796723
591490541
4032803660
985974569
2073401884
1756082829
3992810199
1879270971
2886332460
3296106646
2277783494
3842104926
1148922296
1614087512
1914601657
2979283211
4202722226
3147839132
2347272052
1301812487
1788871301
51669480
1404162786
899862477
3220387359
1389662720
2740685726
146434928
1699958185
4179525013
2279332489
2213952376
2170166298
944128879
2597975068
4206796362
3292664143
448131304
4077730341
2376730754
1891881412
1181259744
