1759655110
3155762759
1725712843
376905870
2634089071
3717930255
4066375661
1410463986
1327948647
3058768220
2782214646
2443074338
2549104414
1909761404
844407316
2882851586
1252186419
1446588843
3375002140
674013813
531429061
2471883645
244102910
1148612047
2196351918
208456708
689616053
2671981223
690274611
601913173
2495679079
4212108807
3593559775
1939113606
2443093089
3733175943
3361418539
4090165403
1909359772
3021075790
435511634
1771261364
1070836658
2791933181
1816156141
2254582590
2573321657
2599000020
1641104331
990847044
851236477
2882770543
2434822325
196730939
52518630
1597533197
2037975870
3841991096
3328611236
421690846
892407700
1477839302
324813119
1513399124
410631341
3769357901
1203808863
2839240212
3835085710
3204391856
634021296
124988806
2157404036
2033774083
2341204078
3566929351
32954460
2347352295
3217333302
535765056
84282388
3815848347
1366472434
2860422503
3597148371
2940268386
3074929217
1435296459
3912269089
2720658590
3351253334
1969996666
1517949595
3205677832
594015215
2525319504
2297780144
1749581877
1236608550
3406124006
1553405482
1309016301
3261315304
3697448867
1961082820
4164869847
673284414
1676654251
4107471747
1318379110
1462648514
4085093057
1825474148
2620771791
2150415167
2841435525
1480559108
49522703
2627096530
820128957
1400959662
1005135158
147891563
1269098391
1738136159
501900629
3732179441
2450420940
2863100622
2580871484
3726635907
95140732
2252954884
277735136
486576959
3053932478
150633251
303207776
3987003192
3379895424
1950771490
1644836050
454114660
238664120
2550382308
1261033443
1408934077
1227336102
3298893016
185240015
3545520689
2676058028
1670903608
2301047345
1864598764
952027434
3273352370
2890431439
4160439720
3721407278
1706635468
1387395504
3690770458
2844124899
1240219368
1877487228
1201301250
792561030
3938883890
3988118713
3466836516
2674820374
2528747121
2591213015
1786464192
2615067296
370344941
1204730707
1615381600
3925516871
3869610162
3553600298
1522886506
3512476553
3128796884
1493893049
2557609758
657188237
1841002098
1523184024
2454218355
185760190
2613847602
1957022633
2364533736
1176406005
2951179154
3223385402
2173754167
1812039669
2084944003
392501551
1611965473
1053129239
1537651275
2309489412
3184671226
1591063632
2215300342
1164011534
1015350323
2964809664
531352902
2005221109
2104046694
2584674189
3576715497
3541726258
4158724718
377671341
4226090017
4077762495
4150878012
3063681079
3469916422
2519150606
1828318084
2749042319
2368117387
2170355785
2813760008
3790047650
1117754263
187055024
3359875814
2088361625
4209091837
522844817
3728055208
155382044
3450198438
2376194190
2044397035
2503963980
302155478
1340987073
1140465085
4168159624
243864056
322360107
3047045191
3225578030
1190618563
4125701470
1563142822
1711423200
2474058878
3115921642
3505503853
3513259145
174381383
1978329384
2533092798
2047276648
3163378544
1242316320
4123498409
2576886251
1642118504
2342517182
1202447192
391325729
3451183383
51001528
2721709932
1146376564
4135968453
639479860
1032028135
2632307918
1444111517
3039506030
4154141259
2332883477
3733962423
4114340485
2584942920
2165056044
1826092980
39627100
3320498133
1017399955
1363039454
811215179
3279433439
2732457898
1743609150
3051233875
1055706666
3055252707
3594348129
4113028135
800289589
2579418960
3758571028
4065253967
1319341581
2970617368
1239307212
2016093692
3776641089
2728276977
3993942829
314614803
2324698021
4085413966
3945804005
1489254569
3556741184
778415555
3103888018
110289742
1130373175
852942546
2009764676
2584739751
3136195365
875150824
3012548150
2490759372
4227770840
2813675365
137261806
3962681408
100391128
3040965794
794882242
2843972070
922422575
1030770801
2195752570
1733297275
1766071452
81863258
1826408112
738746688
1421141169
3671236694
733616052
1503600621
2351552618
1067145107
3018281886
375429498
326996259
3272714291
3788836013
3557346471
1237522609
1075751570
3299779897
2671693150
357542024
3970890743
1867064479
959177288
3084907717
1797967273
3329485634
2955995034
1364692445
9515463
881076299
1436539715
3177727712
868099809
3692964542
2221050827
1730348092
2041088210
2263220302
613371785
836740588
3964851900
82454131
2946594133
2705138125
2040507768
2268660434
104032973
2809726030
1071423824
523422007
1456469981
1963366683
1677580493
1453107853
1273499242
3398940589
1596904012
1681853759
1006931406
2273361075
2306831051
897150144
1938530966
241094217
961971306
296330462
2089450313
3558726655
136953679
3662397509
1864690555
3211947946
725421385
4011321961
2498878058
1876094335
2401083304
2260469284
1583069722
4057982501
557838267
3004362420
2758646263
1491995978
3953916628
1711804854
1817123112
4249627
1572083790
2392027817
4049013114
1588638136
271867856
2654077167
532924640
2303656273
3895678299
1301180576
819008334
3699191027
1695025119
129320909
2783575596
2511352515
1809203597
2341185023
3441460232
655644735
3279379907
2752146397
2974027232
3159516281
3137037214
158433466
689014030
3366415254
2533452337
3827652439
2053756681
3064981625
389229393
544906144
1015362783
3088241758
3338239095
3404937894
333176395
3516740396
2226175305
2773781387
2683530311
2489228388
84339796
1977593335
2547672253
3703588344
2958788631
256173744
135577522
2211923866
965363266
646901576
3519151846
2413944951
897266321
543718332
3662230235
1237120220
1053591122
542889026
4262762795
1085484063
2790053105
2393152536
2360867668
2257819767
669449831
1997921540
1886829240
192932058
2561343011
856542654
422417238
2915288096
3413540106
2762783561
87249432
3858105739
1657039338
4217236495
3957183810
574460969
2095820982
1393552820
2900152690
4014869552
2885679332
2844272290
1293979663
2349153996
22523271
3789107854
4056302275
234374614
2945119503
419117651
3179124996
1662669221
2156464387
1040333463
843736520
1013968105
645061129
3719633293
1289192981
1381139475
1127050616
3759454731
2243976224
873550626
3465476002
1691051805
1765223697
4150085693
822697642
3284140248
3815823359
176778922
856570216
3742018431
649224478
496280561
3176862788
682798794
4016311009
1323871138
2924753015
1702526627
2134295531
1753304407
587318780
2268753622
1015394711
2361437902
1119528210
938439367
618216182
21974248
2136586897
1878550826
266207088
3384309321
2516565515
4193216108
631293601
3427105311
2449791405
612171266
318990270
453750071
2279173223
3143585869
198707577
1640592074
1431754710
4080762672
2773550889
87561859
2262446634
2837181567
3196119742
2760703377
5617438
2355278094
3967912490
2939238172
510756831
3832369362
650896977
2743014946
3020604379
3917231293
4286308397
133822453
946743822
2595776321
877569546
3906225350
1519985203
4106315989
1395449727
3490009604
2056327267
2227912287
3100155897
1149167152
2414808574
3583436055
1495802947
1334872928
1485133501
2405630689
259221155
3955296574
4218488050
3529186093
2505113914
3325618785
1690106927
1871908852
2773203268
3239244953
699681377
3251486101
2235406519
1805420185
1733499719
1991672580
2201113873
1121684422
2595276311
3915073236
808845345
56582936
3001519032
2275236717
167988770
273355933
543761950
229557521
2605582976
4112699741
4267636426
2650755253
191798099
2500233009
2763411383
85093919
697629126
3939584133
4236362260
3174689535
953695198
4108527701
664359195
4078502767
1480749317
3851056001
2233632631
404394650
1185439724
4076453195
2284229162
3437846608
205529396
3003578807
2552324910
2649896625
64763844
2676306570
2990722643
2238129275
4179705091
3458167514
2773980818
2615091607
4177850244
343573806
1702111807
3400956893
1200240656
327601029
480062948
1090082476
3947765911
2086470466
2610042147
3609373245
308961411
445309411
3653498138
2587596454
4221580535
4200950829
1566607581
1341710480
2189244785
131829579
3548405172
3917336202
3799564994
208985026
532961045
3310056061
3002628630
918168183
2760367034
3889966787
1487295926
34664956
983663895
1194694914
3120844650
1048867307
150548097
846347036
9942898
1039864927
1024888298
2896846175
2848370917
1806141361
2460178664
1332446575
4283487985
2233884539
3535276211
2808749814
3524678865
3601620588
4022247487
1770836361
3629852570
944831280
2035859210
169122069
840718204
772172541
1816232987
2895224635
894347513
472896548
2116513126
2993388384
2625162443
3185070017
2859438859
2034602928
2559805374
1173307584
2824475183
1120621299
3806354927
3083425171
4119743007
736307253
2366904194
1699318829
4155353404
3456180250
3058402115
1742273080
1795906829
1836015684
2720274266
577235641
3792835331
289178778
3787339088
1341993536
1729380722
3264505690
276837187
2128396948
2313312012
2763230793
3010636944
2074420401
621183505
3620067556
520761338
890973589
4100136770
201339301
514175037
928247672
1375602838
2654434067
820132518
3475709355
1707864360
475824699
2949405593
3570906742
480760216
1741654009
1366112998
3349658523
2341108415
3042134151
172655699
2627621328
3479352655
2727614673
3750875264
1815699243
4029184710
787275964
3576359057
3553461643
1495020312
3554403150
763860458
3094510860
2834426989
2204009987
2120682403
1123984285
217450021
2090084861
3244478995
3038322860
300845506
545879985
678407286
485673959
1341516995
1318785057
92311854
2171808349
3264762862
351729921
1805870388
4003426154
1237221005
1708318846
547898483
3740588125
2066355090
1829715706
3054423990
2446411582
2428012045
4082399303
2899051815
1447462107
4148625642
3635489879
607859329
3023278319
3705375550
648426530
1976977797
110321343
4049270356
2016350338
644035008
857787376
626780281
3942379944
974663641
3491345304
413404757
2717706703
3359999336
3051374796
3177362682
3534337723
956024330
1813578683
1595780395
3455062292
3653332992
548984777
2366818038
4000252896
3912465496
2029088967
3447338286
112307624
560274852
1235190048
3485432315
3885402884
1615402185
3959457103
1415653686
1400315851
3804823748
2409554614
1627079377
1918170659
4285147194
2481469495
3901587245
1586594738
2688013184
2215259775
3952527815
1531253183
2309801192
2784890284
854863829
1354015238
3729477035
3526854945
3639482656
2850442521
125517691
4162044213
4212227432
1555658004
2511160411
3970568626
3727416188
2143829381
2999425323
4191889531
4139201745
2991245046
647942041
410981624
380717660
3217734596
1377056689
1463788037
1593822782
4222821045
3587303293
3758455297
211659489
216451373
3975462938
872787817
1634840826
1569006629
867355355
3363474457
653442064
1210632521
813846585
369213051
836508357
3752726554
3058853551
2723131148
1466718883
3336312672
3471441827
1384643454
172750790
1755034644
1127917971
471803746
2774479224
1776257739
3932985819
235400096
1812488076
57603346
4159289383
4279898080
2310777540
3404319481
3483755883
2819731965
1481575520
181290946
4050418260
3191394338
3620744327
1710118639
3535394356
707408701
73774935
627280650
2130636317
3652241517
128077327
431973235
3261542773
3249440550
3554761728
2314677729
4278986664
2603512786
725585536
868017047
1878395849
1012726477
829353782
1242854346
2470860540
1345254417
550628101
3401992409
1829887674
2410746461
3892689264
571734535
3133789200
1514618230
2573938635
3866330158
1271037445
756791750
696132886
2271213294
2968555115
3089444688
1066646361
