1592071132
2345620185
3770576758
2181324208
469727572
4035803389
3270715099
889424588
3711576832
3629999365
3760534361
813614127
3518046564
1597089446
3668580648
3306971576
3524440359
2101102331
2084200129
223034330
2954891077
4050859314
3033139883
2344449062
3326215835
2745112349
2489826805
3012317707
455933819
2162776783
2456247639
646606947
2931986881
3957229458
311387052
4040953820
1079175617
1884547313
4234154061
2695208568
3874917638
3388752946
1215270375
2021128977
1368691654
2259705093
3297349410
595059840
2703112460
2878883346
446018887
2937992236
3616158954
2039226477
4011030004
275781561
1297909447
2490222727
1048968978
1490411304
2532918038
730163200
2462853013
3164424526
1534455261
3958846372
4067159009
3341927874
1070843800
1966150223
910002021
910967766
2567172972
2069392273
3148897615
1464096016
3623831186
1469907862
768656452
3930639225
2838247786
437761591
954184861
2313261090
3695650520
820639067
2081024820
3686306401
2755552957
2191634266
3854085281
1137726856
2528478956
1524599371
897592934
276115778
600598418
3096505254
2039096189
1490320055
261690138
3531352390
1524184427
3022931224
1024509300
2128322554
13138036
2730836351
4134248343
2784834562
2725418147
2283212703
2916285143
3451041167
2634068095
2497667570
695608323
2056584845
1152778961
3565681061
2591449268
1095318526
1701668070
74555330
1197020625
796723897
2883874499
19999450
3117605496
2852732472
4162189818
3463818507
4050023854
1950839559
2744461085
87067432
732954151
3524162421
462411204
1091218049
3764994023
2790506763
3549070878
3620114154
3228868
3682100742
3673768259
1330427837
1244018582
646099537
1835777
2459848315
3724002922
2458628762
1245602802
635218674
123710381
1786789556
855487620
294931743
485540680
1961062162
1170886503
2000578543
3149728064
2560667235
1198811554
4152376164
2077931748
3606753207
4265066080
2847071240
3471390233
1032892510
2952750913
3729233014
4130036416
2938403761
2169538132
3099418811
4049016257
3551860196
1846347835
4230855937
1394816353
724644606
54747826
3939892872
4179757101
814466384
3041258162
4034711352
1304612815
964217517
1074694250
4222708779
2546454637
3788594774
2232630371
2861284569
173631497
4221120935
2136200745
2340633444
3779612375
3652176266
2052898010
3084174536
3000684899
2898353861
764714782
782742472
2156980615
576934982
3633216948
534469748
1119914035
806802390
250495280
520797303
4214776130
3246947933
4023762741
367325391
3558528438
537409336
4292828202
681144752
2247441599
256701651
796488325
210361103
1563000433
411628968
1881138262
1093482425
1911567679
4218536978
1803034788
2197078219
1057722875
607030329
1460492789
2871811217
1027233727
1474356761
429544425
1096415057
3036980600
1185199670
463047319
2168666802
1607034052
3826683941
3559106249
4117868740
1669162388
