1592071132
3721133655
2170477098
325193276
301333759
2419381345
1868125589
2909258481
2084879160
152573039
2003091742
606669241
3681660623
1619751056
1053005467
1039269173
2369029047
1175558554
1299232949
325398190
1617140801
153951457
3135747369
4277019496
798361296
1825893375
2566696007
3457590844
4164241496
2112058470
227139429
689993140
3768041437
155646135
1983946035
1083825595
3066842086
52897967
51611647
2222676926
11235660
1245452867
4069422878
4050680484
1360955796
1834538310
920687761
4256742860
394610941
3945321824
2980537540
1550966932
3053026390
3277787779
737892932
2544246938
2988412473
2793738714
3443297586
1254366509
3883418471
1886138442
3340381147
1905541827
3635392270
1667707759
2543209145
1495415366
1966900497
2475914660
718794967
837878183
132845198
4224854264
816532728
3833615102
580612111
858940753
645365860
3283040335
3211316215
490719077
4144910482
344434585
800582353
2469136372
1760945265
2237212417
2056714425
3648407314
3930568476
3201608061
2266421786
3553939754
4098422585
3168485330
3166546771
244286781
2678613029
957672311
950708572
4107962085
2447105437
2016670126
1512481290
517652009
1523093135
3814501757
878657027
4211142798
1962625499
2002724735
1735347545
860352494
3054785059
2290026451
3800918357
3431107240
876244219
3332057860
2820386287
2003614287
4065071115
3264039931
942931981
2921520596
1025381364
4030967635
4068988123
2894307479
3437019311
4143275152
2138327250
3216245300
1470120418
1607671199
2514108399
1439778636
1234221389
3180694132
960149093
3994317923
1422480074
60002352
2810257107
3717294143
2286042566
2128573438
2770631838
2959204825
2485891354
2421613068
276243977
3285772115
1808532436
1894042989
2297387335
2294668912
470461707
1699674044
2362133820
4224893697
1570178715
2089180312
3521144721
3634717569
3459496455
1317982266
1561628414
2398749123
1548515052
3737515546
2775744183
2547928891
584460332
2396736494
1435606817
2909886408
3740081090
3788117893
1908011083
3137409998
2791331958
1360217076
2138477957
965384731
2603979479
2297663559
1414299292
2291709931
3003324494
280289482
3110657278
4133167367
172875774
909391744
3120017810
2078901348
321526438
4185745573
3522171236
3816770899
1942083133
3987131570
2047463783
3570377194
732140307
685091549
1511216005
4063584333
2092561728
978401865
2982079430
3789875330
3962365946
1178924016
2777613179
2912826411
1904171202
3216929059
3209512500
2370739800
998230787
838583386
1631945795
4071220422
879226701
1139483171
686202370
4229624299
144401373
779896847
1409547254
1313135693
520122900
1282935047
4253524472
4098240829
697107829
275628495
906475858
1860180844
3998311745
520649000
1963981595
3093591337
2407814239
1229587962
850100609
249217874
272642316
2235384323
2547622782
647586675
43608287
6228998
3591957420
