1592071132
2345620185
1452377518
671583667
3932339359
4150799223
4097762715
3820630791
10765277
4081581566
3207645353
345225813
2628179634
3715452245
3122305464
1797698589
1435812262
3873116755
706395739
3077374225
1594751452
2328520197
374155259
2727013493
1362433134
537242558
393796303
1567339434
1977850400
680443528
537716155
1392273091
3933404115
389139556
262639155
1901060574
3525084170
1813785188
1996684936
3892960004
3029669060
2683937931
48897548
278899364
1974513460
719919066
3205156420
3946085945
4264468433
482822503
2877979238
3771682592
518541451
1587487622
4114149617
3319140830
2159369965
1308541547
2086431260
2308181367
2933370431
933973660
2149592939
4155830393
1372525637
2615249940
1828324832
3283503373
1919914694
2228420478
3677984187
2340581377
2083182631
2784226283
1911571622
143292528
445065985
3855295406
1115047573
256238295
2614202596
539001203
1529317086
1610555978
2207918790
2422821871
3393847242
2895746105
841835211
527915177
3340679081
2954002621
2899594687
3950024068
2190182126
3428385467
4139121509
333425711
2607047269
1987632520
1473873245
769758865
1421418832
3800233119
3523758589
2246227020
196409645
2044814918
2783372151
756991368
2758271413
1860494940
1027484850
694241067
3125264435
232681555
3516730
3987080522
3472707058
2871979689
366774381
1266059910
2464213768
3286322629
253943465
1276567162
4247379556
4159155552
4266504451
3779963800
85985437
1008528536
2099105212
61271838
2521366313
4018649415
4199539488
1906308110
2421550833
1336007927
1817385869
2665088466
557767112
3472141603
199863960
1325536909
1571384402
1518682779
967627335
653734286
6841199
2746975098
2205643686
2606530820
2701516101
4254036800
1746328322
4043234118
3640719620
687567705
1468278950
4039318057
1534550908
2305847770
39137109
2470283724
1047260344
3071505500
3910598946
1299331420
1433343061
1107964351
1039227599
1228767140
3243295267
2814634778
3604428553
3168637265
2512536951
3573139758
4187063646
2429428292
986640856
1999100571
1767871780
3210314088
4127453919
4149944742
2852968517
893184340
583056336
3826356921
3446926206
946125129
2451316726
937679443
1445031877
764035104
2924430622
838773115
3660887270
3206300092
2361013058
3650008832
3184159403
3693983338
224060772
284441279
3169730254
1515197835
3589265068
3397590576
3523375473
121342011
1672496755
475118867
1597354227
3684766985
96992297
2599410748
298309412
2795524648
2822350905
1644195697
1702737798
3878013787
3188356713
3004415352
3813718691
1613506366
2741002329
3202493598
3326651192
1641806306
3388575599
3563458863
3167494913
1663187142
4158236741
3517863996
3457748429
242603213
812573100
2689142580
1018018313
664213328
1829318316
3484830608
86248907
2746862412
2729291081
1292225836
1037300698
3903473561
1211722842
1266810243
3796894972
